xof 0303txt 0032
template ColorRGBA {
 <35ff44e0-6c7c-11cf-8f52-0040333594a3>
 FLOAT red;
 FLOAT green;
 FLOAT blue;
 FLOAT alpha;
}

template ColorRGB {
 <d3e16e81-7835-11cf-8f52-0040333594a3>
 FLOAT red;
 FLOAT green;
 FLOAT blue;
}

template Material {
 <3d82ab4d-62da-11cf-ab39-0020af71e433>
 ColorRGBA faceColor;
 FLOAT power;
 ColorRGB specularColor;
 ColorRGB emissiveColor;
 [...]
}

template TextureFilename {
 <a42790e1-7810-11cf-8f52-0040333594a3>
 STRING filename;
}

template Frame {
 <3d82ab46-62da-11cf-ab39-0020af71e433>
 [...]
}

template Matrix4x4 {
 <f6f23f45-7686-11cf-8f52-0040333594a3>
 array FLOAT matrix[16];
}

template FrameTransformMatrix {
 <f6f23f41-7686-11cf-8f52-0040333594a3>
 Matrix4x4 frameMatrix;
}

template Vector {
 <3d82ab5e-62da-11cf-ab39-0020af71e433>
 FLOAT x;
 FLOAT y;
 FLOAT z;
}

template MeshFace {
 <3d82ab5f-62da-11cf-ab39-0020af71e433>
 DWORD nFaceVertexIndices;
 array DWORD faceVertexIndices[nFaceVertexIndices];
}

template Mesh {
 <3d82ab44-62da-11cf-ab39-0020af71e433>
 DWORD nVertices;
 array Vector vertices[nVertices];
 DWORD nFaces;
 array MeshFace faces[nFaces];
 [...]
}

template MeshMaterialList {
 <f6f23f42-7686-11cf-8f52-0040333594a3>
 DWORD nMaterials;
 DWORD nFaceIndexes;
 array DWORD faceIndexes[nFaceIndexes];
 [Material <3d82ab4d-62da-11cf-ab39-0020af71e433>]
}

template VertexElement {
 <f752461c-1e23-48f6-b9f8-8350850f336f>
 DWORD Type;
 DWORD Method;
 DWORD Usage;
 DWORD UsageIndex;
}

template DeclData {
 <bf22e553-292c-4781-9fea-62bd554bdd93>
 DWORD nElements;
 array VertexElement Elements[nElements];
 DWORD nDWords;
 array DWORD data[nDWords];
}

template XSkinMeshHeader {
 <3cf169ce-ff7c-44ab-93c0-f78f62d172e2>
 WORD nMaxSkinWeightsPerVertex;
 WORD nMaxSkinWeightsPerFace;
 WORD nBones;
}

template SkinWeights {
 <6f0d123b-bad2-4167-a0d0-80224f25fabb>
 STRING transformNodeName;
 DWORD nWeights;
 array DWORD vertexIndices[nWeights];
 array FLOAT weights[nWeights];
 Matrix4x4 matrixOffset;
}

template AnimTicksPerSecond {
 <9e415a43-7ba6-4a73-8743-b73d47e88476>
 DWORD AnimTicksPerSecond;
}

template Animation {
 <3d82ab4f-62da-11cf-ab39-0020af71e433>
 [...]
}

template AnimationSet {
 <3d82ab50-62da-11cf-ab39-0020af71e433>
 [Animation <3d82ab4f-62da-11cf-ab39-0020af71e433>]
}

template FloatKeys {
 <10dd46a9-775b-11cf-8f52-0040333594a3>
 DWORD nValues;
 array FLOAT values[nValues];
}

template TimedFloatKeys {
 <f406b180-7b3b-11cf-8f52-0040333594a3>
 DWORD time;
 FloatKeys tfkeys;
}

template AnimationKey {
 <10dd46a8-775b-11cf-8f52-0040333594a3>
 DWORD keyType;
 DWORD nKeys;
 array TimedFloatKeys keys[nKeys];
}


Material material_0 {
 1.000000;1.000000;1.000000;1.000000;;
 10.000000;
 0.000000;0.000000;0.000000;;
 0.000000;0.000000;0.000000;;

 TextureFilename {
  "AncientGardener_diff.tga";
 }
}

Frame SceneRoot {
 

 FrameTransformMatrix {
  1.000000,0.000000,0.000000,0.000000,0.000000,1.000000,0.000000,0.000000,0.000000,0.000000,1.000000,0.000000,0.000000,0.000000,0.000000,1.000000;;
 }

 Frame Dummy_root {
  

  FrameTransformMatrix {
   1.000000,0.000000,0.000000,0.000000,0.000000,1.000000,0.000000,0.000000,0.000000,-0.000000,1.000000,0.000000,0.000000,0.000000,0.000000,1.000000;;
  }

  Frame FxBottom {
   

   FrameTransformMatrix {
    1.000000,0.000000,0.000000,0.000000,0.000000,1.000000,0.000000,0.000000,0.000000,0.000000,1.000000,0.000000,0.000000,0.000000,0.000000,1.000000;;
   }
  }

  Frame Bip01 {
   

   FrameTransformMatrix {
    0.976406,0.215943,0.000001,0.000000,-0.215943,0.976406,-0.000000,0.000000,-0.000001,-0.000000,1.000000,0.000000,-3.517265,37.518714,-0.000000,1.000000;;
   }

   Frame Bip01-Pelvis {
    

    FrameTransformMatrix {
     0.000000,1.000000,-0.000001,0.000000,-0.000001,0.000001,1.000000,0.000000,1.000000,-0.000000,0.000001,0.000000,0.000000,0.000000,0.000000,1.000000;;
    }

    Frame Bip01-Spine {
     

     FrameTransformMatrix {
      0.691405,0.056289,0.720271,0.000000,0.143572,0.966371,-0.213340,0.000000,-0.708058,0.250914,0.660072,0.000000,14.701234,-0.019152,1.385730,1.000000;;
     }

     Frame Bip01-Spine1 {
      

      FrameTransformMatrix {
       1.000000,0.000000,-0.000000,0.000000,0.000000,1.000000,-0.000000,0.000000,0.000000,0.000000,1.000000,0.000000,6.399880,-0.000001,-0.005100,1.000000;;
      }

      Frame Bip01-Spine2 {
       

       FrameTransformMatrix {
        1.000000,-0.000000,0.000000,0.000000,-0.000000,1.000000,-0.000000,0.000000,0.000000,0.000000,1.000000,0.000000,6.399883,0.000000,-0.005100,1.000000;;
       }

       Frame Bip01-Neck {
        

        FrameTransformMatrix {
         1.000000,-0.000000,0.000000,0.000000,-0.000000,1.000000,-0.000000,0.000000,0.000000,0.000000,1.000000,0.000000,8.881954,0.000001,0.744270,1.000000;;
        }

        Frame Bip01-Head {
         

         FrameTransformMatrix {
          0.921887,-0.135976,0.362817,0.000000,0.046019,0.968195,0.245929,0.000000,-0.384718,-0.210022,0.898823,0.000000,2.769184,0.000000,0.000004,1.000000;;
         }

         Frame Bip01-HeadNub {
          

          FrameTransformMatrix {
           1.000000,-0.000000,0.000000,0.000000,0.000000,1.000000,0.000000,0.000000,0.000000,0.000000,1.000000,0.000000,11.501106,0.000001,0.000000,1.000000;;
          }
         }

         Frame Box_head {
          

          FrameTransformMatrix {
           0.000000,1.000000,-0.000756,0.000000,1.000000,0.000000,0.000759,0.000000,0.000759,-0.000756,-1.000000,0.000000,3.689388,0.021454,0.421288,1.000000;;
          }

          Frame Box_lips {
           

           FrameTransformMatrix {
            1.000000,0.000000,0.000000,0.000000,0.000000,0.418077,-0.908412,0.000000,-0.000001,0.908411,0.418077,0.000000,-0.003574,-4.173092,-4.956566,1.000000;;
           }
          }
         }

         Frame FxTop {
          

          FrameTransformMatrix {
           0.832551,-0.010104,0.553857,0.000000,0.553829,-0.005622,-0.832612,0.000000,0.011527,0.999933,0.000916,0.000000,15.823205,0.017846,-0.952519,1.000000;;
          }
         }
        }
       }

       Frame Bip01-L-Clavicle {
        

        FrameTransformMatrix {
         0.025426,0.994679,-0.099833,0.000000,0.999677,-0.025378,0.001754,0.000000,-0.000789,-0.099845,-0.995003,0.000000,3.960075,19.246829,-3.666855,1.000000;;
        }

        Frame Bip01-L-UpperArm {
         

         FrameTransformMatrix {
          0.150513,-0.958103,-0.243691,0.000000,-0.960981,-0.199660,0.191448,0.000000,-0.232082,0.205367,-0.950770,0.000000,6.026396,0.000011,0.000000,1.000000;;
         }

         Frame Bip01-L-Forearm {
          

          FrameTransformMatrix {
           0.843418,-0.000000,0.537258,0.000000,0.000000,1.000000,0.000000,0.000000,-0.537258,0.000000,0.843418,0.000000,12.821213,-0.000004,-0.000006,1.000000;;
          }

          Frame Bip01-L-Hand {
           

           FrameTransformMatrix {
            0.999980,-0.000703,0.006284,0.000000,0.004789,-0.564684,-0.825294,0.000000,0.004128,0.825307,-0.564670,0.000000,12.084057,0.000000,0.000001,1.000000;;
           }

           Frame Bip01-L-Finger0 {
            

            FrameTransformMatrix {
             0.998913,-0.046612,-0.000037,0.000000,0.046612,0.998913,0.000795,0.000000,-0.000000,-0.000796,1.000000,0.000000,15.149750,-0.014654,-0.250221,1.000000;;
            }

            Frame Bip01-L-Finger0Nub {
             

             FrameTransformMatrix {
              1.000000,-0.000000,-0.000000,0.000000,0.000000,1.000000,0.000000,0.000000,0.000000,-0.000000,1.000000,0.000000,16.937075,-0.000002,0.000000,1.000000;;
             }
            }

            Frame Box_water {
             

             FrameTransformMatrix {
              0.014663,-0.000186,-0.999893,0.000000,0.024926,-0.999690,0.000552,0.000000,-0.999582,-0.024932,-0.014654,0.000000,14.575046,0.335026,0.182137,1.000000;;
             }
            }
           }

           Frame Box_water_pump {
            

            FrameTransformMatrix {
             0.999975,-0.002504,-0.006579,0.000000,-0.006613,-0.013842,-0.999883,0.000000,0.002413,0.999901,-0.013858,0.000000,15.076366,-0.117672,-10.999394,1.000000;;
            }
           }

           Frame FxHand00 {
            

            FrameTransformMatrix {
             0.165424,-0.831772,-0.529897,0.000000,-0.959434,-0.011349,-0.281704,0.000000,0.228300,0.555002,-0.799908,0.000000,15.082962,-16.625563,-0.133404,1.000000;;
            }
           }
          }

          Frame Box_L_Forearm {
           

           FrameTransformMatrix {
            1.000000,-0.000000,0.000000,0.000000,0.000000,1.000000,0.000000,0.000000,0.000000,-0.000000,1.000000,0.000000,-0.000004,0.000000,0.000000,1.000000;;
           }
          }
         }
        }
       }

       Frame Bip01-R-Clavicle {
        

        FrameTransformMatrix {
         0.025841,-0.906701,0.420981,0.000000,-0.999666,-0.023133,0.011538,0.000000,-0.000723,-0.421139,-0.906996,0.000000,3.960018,-19.287774,-3.666790,1.000000;;
        }

        Frame Bip01-R-UpperArm {
         

         FrameTransformMatrix {
          0.383735,0.401063,-0.831803,0.000000,0.896240,-0.378775,0.230832,0.000000,-0.222488,-0.834073,-0.504799,0.000000,6.026396,-0.000004,-0.000004,1.000000;;
         }

         Frame Bip01-R-Forearm {
          

          FrameTransformMatrix {
           0.788312,0.000000,0.615276,0.000000,-0.000000,1.000000,-0.000000,0.000000,-0.615276,0.000000,0.788312,0.000000,12.796730,0.000004,0.000002,1.000000;;
          }

          Frame Bip01-R-Hand {
           

           FrameTransformMatrix {
            0.999985,0.004066,0.003828,0.000000,0.005572,-0.681157,-0.732117,0.000000,-0.000369,0.732127,-0.681169,0.000000,12.083358,0.000004,-0.000008,1.000000;;
           }

           Frame Bip01-R-Finger0 {
            

            FrameTransformMatrix {
             -0.011959,0.999846,-0.012881,0.000000,-0.999929,-0.011959,0.000104,0.000000,-0.000050,0.012881,0.999917,0.000000,21.455123,0.134125,-0.549498,1.000000;;
            }

            Frame Bip01-R-Finger0Nub {
             

             FrameTransformMatrix {
              -1.000000,0.000000,-0.000690,0.000000,0.000000,1.000000,0.000000,0.000000,0.000690,0.000000,-1.000000,0.000000,7.505577,-0.000010,0.000001,1.000000;;
             }
            }
           }

           Frame FxHand01 {
            

            FrameTransformMatrix {
             0.804976,-0.516956,0.291156,0.000000,-0.321469,-0.792483,-0.518293,0.000000,0.498670,0.323616,-0.804115,0.000000,21.161923,0.070000,-0.564552,1.000000;;
            }
           }

           Frame Bip01-R-Finger1 {
            

            FrameTransformMatrix {
             -0.011960,0.999845,-0.012881,0.000000,-0.999929,-0.011959,0.000100,0.000000,-0.000054,0.012881,0.999917,0.000000,21.455117,0.134132,-0.549498,1.000000;;
            }
           }
          }

          Frame Box_R_Forearm {
           

           FrameTransformMatrix {
            1.000000,0.000000,-0.000000,0.000000,-0.000000,1.000000,0.000000,0.000000,0.000000,-0.000000,1.000000,0.000000,0.000003,0.000004,0.000004,1.000000;;
           }
          }
         }
        }
       }

       Frame Box_back {
        

        FrameTransformMatrix {
         -0.000000,1.000000,-0.000002,0.000000,0.908659,0.000001,0.417540,0.000000,0.417540,-0.000002,-0.908658,0.000000,2.009521,0.017875,-3.753940,1.000000;;
        }
       }

       Frame Box_left_armor {
        

        FrameTransformMatrix {
         -0.817055,0.548705,0.177044,0.000000,0.464968,0.808651,-0.360401,0.000000,-0.340921,-0.212147,-0.915842,0.000000,7.422264,23.981848,-6.447998,1.000000;;
        }
       }

       Frame Box_right_armor {
        

        FrameTransformMatrix {
         0.321731,0.575701,-0.751703,0.000000,-0.666300,0.701724,0.252245,0.000000,0.672706,0.419705,0.609356,0.000000,7.422210,-23.969350,-6.447914,1.000000;;
        }
       }
      }

      Frame FxCenter {
       

       FrameTransformMatrix {
        0.553973,-0.239312,0.797398,0.000000,0.830629,0.094116,-0.548814,0.000000,0.056290,0.966371,0.250918,0.000000,1.312199,0.017892,1.508247,1.000000;;
       }
      }
     }
    }

    Frame Bip01-L-Thigh {
     

     FrameTransformMatrix {
      -0.727507,0.326330,0.603525,0.000000,-0.254411,-0.945244,0.204425,0.000000,0.637188,-0.004823,0.770693,0.000000,-0.000011,8.254093,0.000012,1.000000;;
     }

     Frame Bip01-L-Calf {
      

      FrameTransformMatrix {
       0.555621,-0.000000,-0.831436,0.000000,0.000000,1.000000,0.000000,0.000000,0.831436,-0.000000,0.555621,0.000000,13.810427,0.000000,-0.000002,1.000000;;
      }

      Frame Bip01-L-Foot {
       

       FrameTransformMatrix {
        0.977923,0.204263,0.044093,0.000000,-0.203052,0.878989,0.431449,0.000000,0.049372,-0.430877,0.901059,0.000000,23.878928,-0.000002,0.000001,1.000000;;
       }

       Frame Bip01-L-Toe0 {
        

        FrameTransformMatrix {
         0.000000,0.918639,-0.395097,0.000000,-0.000000,-0.395097,-0.918639,0.000000,-1.000000,0.000000,0.000000,0.000000,6.155721,4.723581,-3.050901,1.000000;;
        }

        Frame Bip01-L-Toe01 {
         

         FrameTransformMatrix {
          1.000000,-0.000000,0.000000,0.000000,0.000000,1.000000,0.000000,0.000000,0.000000,-0.000000,1.000000,0.000000,2.888248,0.000000,-0.000000,1.000000;;
         }

         Frame Bip01-L-Toe0Nub {
          

          FrameTransformMatrix {
           -1.000000,0.000000,0.000691,0.000000,0.000000,1.000000,-0.000000,0.000000,-0.000691,-0.000000,-1.000000,0.000000,2.584338,-0.000001,-0.000000,1.000000;;
          }
         }
        }
       }

       Frame Bip01-L-Toe1 {
        

        FrameTransformMatrix {
         -0.000000,-0.396776,-0.917916,0.000000,0.000000,-0.917916,0.396776,0.000000,-1.000000,-0.000000,-0.000000,0.000000,6.155721,-3.786237,-7.005490,1.000000;;
        }

        Frame Bip01-L-Toe11 {
         

         FrameTransformMatrix {
          1.000000,0.000000,-0.000000,0.000000,-0.000000,1.000000,-0.000000,0.000000,0.000000,0.000000,1.000000,0.000000,2.751444,-0.000001,0.000000,1.000000;;
         }

         Frame Bip01-L-Toe1Nub {
          

          FrameTransformMatrix {
           -1.000000,-0.000000,-0.000690,0.000000,-0.000000,1.000000,-0.000000,0.000000,0.000690,0.000000,-1.000000,0.000000,2.559962,0.000000,0.000000,1.000000;;
          }
         }
        }
       }

       Frame Bip01-L-Toe2 {
        

        FrameTransformMatrix {
         0.000000,-0.925013,0.379935,0.000000,-0.000000,0.379935,0.925013,0.000000,-1.000000,0.000000,0.000000,0.000000,6.155721,-7.644582,2.619904,1.000000;;
        }

        Frame Bip01-L-Toe21 {
         

         FrameTransformMatrix {
          1.000000,0.000000,0.000000,0.000000,-0.000000,1.000000,0.000000,0.000000,0.000000,-0.000000,1.000000,0.000000,2.603693,0.000001,-0.000000,1.000000;;
         }

         Frame Bip01-L-Toe2Nub {
          

          FrameTransformMatrix {
           -1.000000,0.000000,-0.000690,0.000000,-0.000000,1.000000,-0.000000,0.000000,0.000690,-0.000000,-1.000000,0.000000,2.279955,-0.000002,-0.000000,1.000000;;
          }
         }
        }
       }

       Frame Bip01-L-Toe3 {
        

        FrameTransformMatrix {
         0.000000,0.390652,0.920538,0.000000,-0.000000,0.920538,-0.390652,0.000000,-1.000000,0.000000,0.000000,0.000000,6.155722,2.153145,6.176069,1.000000;;
        }

        Frame Bip01-L-Toe31 {
         

         FrameTransformMatrix {
          1.000000,0.000000,-0.000000,0.000000,0.000000,1.000000,0.000000,0.000000,0.000000,-0.000000,1.000000,0.000000,2.136505,0.000000,0.000000,1.000000;;
         }

         Frame Bip01-L-Toe3Nub {
          

          FrameTransformMatrix {
           -1.000000,-0.000000,0.000691,0.000000,0.000000,1.000000,-0.000000,0.000000,-0.000691,-0.000000,-1.000000,0.000000,1.967989,-0.000002,0.000000,1.000000;;
          }
         }
        }
       }

       Frame Box_L_Foot {
        

        FrameTransformMatrix {
         1.000000,0.000000,0.000000,0.000000,0.000000,1.000000,0.000001,0.000000,-0.000000,-0.000001,1.000000,0.000000,0.000004,0.000000,-0.000011,1.000000;;
        }
       }
      }

      Frame Box_L_Calf {
       

       FrameTransformMatrix {
        1.000000,-0.000000,-0.000000,0.000000,0.000000,1.000000,0.000001,0.000000,0.000000,-0.000001,1.000000,0.000000,-0.000002,0.000000,0.000001,1.000000;;
       }
      }
     }

     Frame Box_L_Thigh {
      

      FrameTransformMatrix {
       1.000000,-0.000000,-0.000000,0.000000,0.000000,1.000000,0.000000,0.000000,-0.000000,-0.000000,1.000000,0.000000,-0.000008,-0.000002,0.000004,1.000000;;
      }
     }
    }

    Frame Bip01-R-Thigh {
     

     FrameTransformMatrix {
      -0.753750,-0.640264,0.148064,0.000000,0.456793,-0.672437,-0.582382,0.000000,0.472443,-0.371336,0.799317,0.000000,0.000019,-8.254095,-0.000010,1.000000;;
     }

     Frame Bip01-R-Calf {
      

      FrameTransformMatrix {
       0.519041,-0.000000,-0.854750,0.000000,0.000000,1.000000,0.000000,0.000000,0.854750,-0.000000,0.519041,0.000000,13.754272,-0.000004,0.000002,1.000000;;
      }

      Frame Bip01-R-Foot {
       

       FrameTransformMatrix {
        0.907229,-0.320253,0.272717,0.000000,0.288046,0.945469,0.152046,0.000000,-0.306538,-0.059386,0.950004,0.000000,23.895939,0.000000,-0.000001,1.000000;;
       }

       Frame Bip01-R-Toe0 {
        

        FrameTransformMatrix {
         0.000000,-0.918639,-0.395097,0.000000,0.000000,-0.395097,0.918639,0.000000,-1.000000,-0.000000,0.000000,0.000000,6.155720,-4.723583,-3.050901,1.000000;;
        }

        Frame Bip01-R-Toe01 {
         

         FrameTransformMatrix {
          1.000000,0.000000,0.000000,0.000000,0.000000,1.000000,0.000000,0.000000,0.000000,0.000000,1.000000,0.000000,2.888248,0.000000,0.000000,1.000000;;
         }

         Frame Bip01-R-Toe0Nub {
          

          FrameTransformMatrix {
           1.000000,0.000000,0.000000,0.000000,0.000000,1.000000,0.000000,0.000000,0.000000,0.000000,1.000000,0.000000,2.584338,0.000000,0.000000,1.000000;;
          }
         }
        }
       }

       Frame Bip01-R-Toe1 {
        

        FrameTransformMatrix {
         0.000000,0.396777,-0.917915,0.000000,-0.000001,-0.917915,-0.396777,0.000000,-1.000000,0.000001,0.000000,0.000000,6.155719,3.786238,-7.005486,1.000000;;
        }

        Frame Bip01-R-Toe11 {
         

         FrameTransformMatrix {
          1.000000,0.000000,-0.000000,0.000000,-0.000000,1.000000,0.000000,0.000000,0.000000,-0.000000,1.000000,0.000000,2.751442,0.000000,0.000000,1.000000;;
         }

         Frame Bip01-R-Toe1Nub {
          

          FrameTransformMatrix {
           1.000000,0.000000,-0.000000,0.000000,-0.000000,1.000000,0.000000,0.000000,0.000000,-0.000000,1.000000,0.000000,2.559965,0.000002,0.000000,1.000000;;
          }
         }
        }
       }

       Frame Bip01-R-Toe2 {
        

        FrameTransformMatrix {
         0.000000,0.925013,0.379935,0.000000,-0.000000,0.379935,-0.925013,0.000000,-1.000000,0.000000,0.000000,0.000000,6.155720,7.644579,2.619902,1.000000;;
        }

        Frame Bip01-R-Toe21 {
         

         FrameTransformMatrix {
          1.000000,0.000000,0.000000,0.000000,0.000000,1.000000,0.000000,0.000000,0.000000,-0.000000,1.000000,0.000000,2.603695,-0.000001,-0.000000,1.000000;;
         }

         Frame Bip01-R-Toe2Nub {
          

          FrameTransformMatrix {
           1.000000,0.000000,0.000000,0.000000,0.000000,1.000000,-0.000000,0.000000,0.000000,-0.000000,1.000000,0.000000,2.279957,-0.000001,-0.000000,1.000000;;
          }
         }
        }
       }

       Frame Bip01-R-Toe3 {
        

        FrameTransformMatrix {
         0.000000,-0.390652,0.920538,0.000000,0.000000,0.920538,0.390652,0.000000,-1.000000,0.000000,0.000000,0.000000,6.155720,-2.153147,6.176072,1.000000;;
        }

        Frame Bip01-R-Toe31 {
         

         FrameTransformMatrix {
          1.000000,-0.000000,0.000000,0.000000,-0.000000,1.000000,0.000000,0.000000,-0.000000,-0.000000,1.000000,0.000000,2.136503,0.000000,-0.000000,1.000000;;
         }

         Frame Bip01-R-Toe3Nub {
          

          FrameTransformMatrix {
           1.000000,-0.000000,0.000000,0.000000,-0.000000,1.000000,0.000000,0.000000,-0.000000,-0.000000,1.000000,0.000000,1.967990,0.000002,-0.000000,1.000000;;
          }
         }
        }
       }

       Frame Box_R_Foot {
        

        FrameTransformMatrix {
         1.000000,-0.000000,-0.000000,0.000000,0.000000,1.000000,0.000000,0.000000,0.000000,-0.000000,1.000000,0.000000,0.000000,0.000000,0.000000,1.000000;;
        }
       }
      }

      Frame Box_R_Calf {
       

       FrameTransformMatrix {
        1.000000,0.000000,0.000000,0.000000,-0.000000,1.000000,0.000000,0.000000,0.000000,-0.000000,1.000000,0.000000,-0.000004,0.000000,-0.000001,1.000000;;
       }
      }
     }

     Frame Box_R_Thigh {
      

      FrameTransformMatrix {
       1.000000,-0.000000,0.000000,0.000000,0.000000,1.000000,0.000000,0.000000,0.000000,-0.000001,1.000000,0.000000,0.000002,0.000006,0.000000,1.000000;;
      }
     }
    }
   }
  }
 }

 Frame AncientGardener_Skel {
  

  FrameTransformMatrix {
   1.000000,0.000000,0.000000,0.000000,0.000000,1.000000,0.000000,0.000000,0.000000,0.000000,1.000000,0.000000,0.000000,0.000000,0.000000,1.000000;;
  }

  Mesh AncientGardener_Skel {
   5161;
   -6.669798;67.494093;-3.154300;,
   -8.361599;68.066694;-0.000000;,
   -7.299298;67.894899;-0.000000;,
   -9.585699;64.917600;-0.000000;,
   -8.820598;66.476090;-3.715100;,
   -9.003099;64.504000;-3.389400;,
   -9.382299;66.841203;-0.000000;,
   -8.357498;66.672090;-3.606800;,
   -8.988899;67.057101;-0.000000;,
   -7.666899;67.628493;-3.521400;,
   -8.361599;68.066694;-0.000000;,
   -4.717698;66.290803;-6.530900;,
   -5.522798;66.308090;-7.209701;,
   -2.243498;64.844192;-8.771200;,
   -3.407998;63.719795;-9.585900;,
   0.117602;61.119898;-10.905200;,
   -3.702798;63.417299;-9.861700;,
   -6.478998;65.055194;-7.421001;,
   -6.107899;65.310394;-7.186700;,
   -2.811398;64.718400;-9.660499;,
   0.293402;61.498694;-10.597000;,
   2.300102;57.702592;-9.463300;,
   5.291902;55.952493;-7.807500;,
   4.777301;55.783597;-7.359100;,
   3.556101;59.073997;-10.551400;,
   -0.838599;59.578195;-9.777400;,
   -4.216498;61.598592;-8.838801;,
   -6.753298;63.100294;-6.680200;,
   -4.237698;61.136698;-8.395300;,
   -6.667198;62.574496;-6.322801;,
   -8.822298;63.959795;-3.220600;,
   -8.822399;62.871392;-3.038001;,
   -9.424198;64.361389;-0.000000;,
   -9.399599;63.250797;-0.000000;,
   -8.869598;62.188294;-0.000000;,
   -8.338598;61.826400;-2.709501;,
   -6.918298;61.668896;-6.088100;,
   -6.676499;60.709094;-5.434200;,
   -4.570599;60.288698;-8.094700;,
   -4.586498;59.456698;-7.232100;,
   -1.808099;57.794195;-8.010700;,
   5.790100;54.752698;-4.836700;,
   3.321001;54.740698;-6.290700;,
   4.181401;55.092794;-7.110500;,
   0.837801;56.211699;-7.716100;,
   1.434401;56.697600;-8.640801;,
   -1.485099;58.442995;-8.956500;,
   7.053802;55.654093;-6.617300;,
   6.609701;55.516294;-6.084300;,
   6.419002;54.942694;-5.724100;,
   1.976501;57.420794;-8.964501;,
   1.434401;56.697600;-8.640801;,
   -1.035599;59.221498;-9.287500;,
   9.145702;55.969696;-5.691000;,
   8.262402;56.799194;-6.668399;,
   9.305002;56.298598;-4.979200;,
   8.107502;55.675296;-5.822000;,
   7.907401;55.592698;-5.313900;,
   8.050102;55.229498;-4.684500;,
   7.644401;55.133798;-3.806500;,
   7.338102;59.153696;-7.648799;,
   8.727102;58.323098;-5.764999;,
   9.065502;57.657594;-6.496600;,
   10.626702;56.657094;-3.540100;,
   10.538702;57.200896;-2.321199;,
   1.174802;62.782099;-9.705500;,
   0.919902;62.469197;-10.678800;,
   4.316502;60.922099;-9.355900;,
   4.337902;60.443795;-10.305300;,
   7.606202;58.527898;-8.499300;,
   3.674402;59.515597;-10.234600;,
   6.845602;57.625894;-8.420700;,
   8.283202;56.326496;-6.952499;,
   6.891002;57.123296;-8.716900;,
   10.423603;71.098803;10.446800;,
   9.898903;70.786906;9.999500;,
   11.433403;69.690906;9.583902;,
   4.539302;73.022400;9.956400;,
   7.925502;72.208397;10.272500;,
   5.243802;73.972998;9.833400;,
   8.387203;72.631597;10.695500;,
   11.850202;72.843802;9.000001;,
   11.950002;69.977702;9.987901;,
   12.684702;68.617203;8.653701;,
   13.265402;68.938502;9.038001;,
   13.694203;67.704102;7.571500;,
   7.190802;71.281094;10.443700;,
   9.227302;69.807296;10.158700;,
   10.787203;68.688902;9.704001;,
   12.116102;67.565005;8.734902;,
   13.165402;66.635398;7.647501;,
   14.729202;65.160102;4.787900;,
   15.163301;66.211501;4.878700;,
   4.568002;72.688006;9.191900;,
   7.019802;71.046400;9.678300;,
   8.973102;69.632301;9.390200;,
   10.395202;68.608704;8.969000;,
   11.572603;67.577402;8.112101;,
   12.577802;66.670899;7.014101;,
   14.109904;65.236602;4.253800;,
   15.949402;68.907206;5.590900;,
   15.497603;69.556998;4.021901;,
   15.406603;71.698797;4.885100;,
   16.330702;68.005094;3.072801;,
   15.707003;66.562598;5.313400;,
   16.221203;65.904403;3.284301;,
   15.512203;65.530195;2.510101;,
   15.358302;64.239194;1.691501;,
   14.597202;64.275597;1.294401;,
   15.419102;64.555699;1.411301;,
   14.666203;64.603104;1.020301;,
   15.834902;68.998899;1.147101;,
   15.713402;68.649901;2.210101;,
   15.747504;70.040102;3.177301;,
   15.243002;69.312205;0.668401;,
   15.260301;69.536301;0.803201;,
   15.841902;69.227302;1.284601;,
   14.401802;74.147104;4.473500;,
   15.867802;72.227603;4.113901;,
   15.403202;72.467398;3.392601;,
   15.227502;70.273005;2.422001;,
   14.880702;73.884198;5.331601;,
   12.907102;74.813798;6.149401;,
   13.310703;74.617299;6.832800;,
   11.287502;74.512602;6.915801;,
   11.663002;74.246003;7.580801;,
   10.066002;75.413805;7.925901;,
   9.566103;74.482003;8.445200;,
   6.997902;76.174502;8.483000;,
   14.298302;68.040704;7.952601;,
   15.863502;71.035200;6.130100;,
   14.592302;73.168704;5.881200;,
   13.125902;73.833197;7.166901;,
   15.067902;72.339597;7.099600;,
   13.462302;72.918899;8.158501;,
   11.498602;73.418099;8.028101;,
   9.540602;74.187302;9.556400;,
   5.522702;74.364198;9.884000;,
   2.428402;75.959098;8.223200;,
   1.615602;74.780294;8.095800;,
   6.735802;75.929101;9.165399;,
   4.274002;77.838701;7.584500;,
   -0.570198;76.297299;5.675700;,
   1.971702;74.310400;7.444200;,
   -0.001598;75.702598;5.265000;,
   7.684602;76.965402;8.064299;,
   5.272102;78.698304;7.229800;,
   3.416502;80.200000;5.329200;,
   -1.616298;77.079302;3.040600;,
   -0.965698;76.428301;2.842800;,
   -1.503398;76.777798;-0.000000;,
   -2.185498;77.449094;-0.000000;,
   2.346202;81.091501;2.838400;,
   1.976502;81.399699;0.000000;,
   2.636802;81.067200;0.000000;,
   2.974302;80.771795;2.630300;,
   3.977802;79.936998;4.945500;,
   5.661202;78.552397;6.618501;,
   5.272102;78.698304;7.229800;,
   7.777102;76.962995;7.307500;,
   9.897102;75.535597;7.185801;,
   15.260301;69.536301;-0.803199;,
   15.834902;68.998899;-1.147099;,
   15.841902;69.227302;-1.284599;,
   15.243002;69.312205;-0.668399;,
   14.666203;64.603104;-1.020299;,
   15.419102;64.555699;-1.411299;,
   15.713402;68.649901;-2.210099;,
   15.512203;65.530195;-2.510099;,
   15.358302;64.239194;-1.691499;,
   14.597202;64.275597;-1.294399;,
   14.109904;65.236602;-4.253800;,
   14.729202;65.160102;-4.787900;,
   13.165402;66.635398;-7.647499;,
   12.577802;66.670899;-7.014099;,
   13.694203;67.704102;-7.571499;,
   15.163301;66.211501;-4.878699;,
   16.221203;65.904403;-3.284299;,
   16.330702;68.005094;-3.072799;,
   15.497603;69.556998;-4.021900;,
   15.949402;68.907206;-5.590900;,
   15.863502;71.035200;-6.130099;,
   14.298302;68.040704;-7.952599;,
   15.707003;66.562598;-5.313399;,
   13.310703;74.617299;-6.832799;,
   14.880702;73.884198;-5.331600;,
   14.592302;73.168704;-5.881199;,
   15.406603;71.698797;-4.885100;,
   15.747504;70.040102;-3.177299;,
   15.867802;72.227603;-4.113900;,
   11.287502;74.512602;-6.915800;,
   12.907102;74.813798;-6.149400;,
   14.401802;74.147104;-4.473499;,
   15.403202;72.467398;-3.392599;,
   15.227502;70.273005;-2.421999;,
   4.274003;77.838701;-7.584500;,
   3.416503;80.200000;-5.329200;,
   5.272103;78.698304;-7.229800;,
   3.977802;79.936998;-4.945500;,
   5.661203;78.552397;-6.618500;,
   7.684602;76.965402;-8.064299;,
   7.777103;76.962995;-7.307499;,
   9.897102;75.535597;-7.185799;,
   10.066002;75.413805;-7.925899;,
   11.663002;74.246003;-7.580799;,
   6.735802;75.929101;-9.165399;,
   2.428403;75.959098;-8.223200;,
   6.997903;76.174502;-8.483000;,
   9.566103;74.482003;-8.445200;,
   11.498602;73.418099;-8.028099;,
   13.125902;73.833197;-7.166900;,
   9.540602;74.187302;-9.556400;,
   11.850202;72.843802;-8.999999;,
   13.462302;72.918899;-8.158498;,
   15.067902;72.339597;-7.099599;,
   11.950002;69.977702;-9.987899;,
   10.423603;71.098803;-10.446800;,
   8.387203;72.631597;-10.695500;,
   9.898903;70.786906;-9.999500;,
   7.925502;72.208397;-10.272500;,
   5.243803;73.972998;-9.833400;,
   5.522703;74.364198;-9.884000;,
   11.433403;69.690906;-9.583899;,
   10.787203;68.688902;-9.704001;,
   9.227302;69.807296;-10.158700;,
   7.190802;71.281094;-10.443700;,
   4.539303;73.022400;-9.956400;,
   10.395202;68.608704;-8.969000;,
   8.973102;69.632301;-9.390200;,
   7.019802;71.046400;-9.678300;,
   4.568003;72.688006;-9.191900;,
   1.615603;74.780294;-8.095800;,
   -0.570198;76.297299;-5.675700;,
   1.971703;74.310400;-7.444200;,
   -0.001598;75.702598;-5.265000;,
   -1.616298;77.079302;-3.040600;,
   2.346203;81.091501;-2.838400;,
   -2.185498;77.449094;-0.000000;,
   1.976502;81.399699;0.000000;,
   2.636802;81.067200;0.000000;,
   2.974302;80.771795;-2.630300;,
   -1.503398;76.777798;-0.000000;,
   -0.965698;76.428301;-2.842800;,
   13.265402;68.938502;-9.037999;,
   12.684702;68.617203;-8.653699;,
   12.116102;67.565005;-8.734899;,
   11.572603;67.577402;-8.112098;,
   -8.076399;43.026902;10.412499;,
   -8.634100;39.895101;5.755299;,
   -5.158701;40.823299;7.969399;,
   -10.741298;41.486499;7.519799;,
   -11.518200;45.626202;11.270398;,
   -13.226900;43.363702;8.139298;,
   -14.959899;48.225398;10.412498;,
   -13.528600;51.558899;12.504898;,
   -17.032698;54.205203;9.570798;,
   -19.373998;55.973498;5.179698;,
   -17.877699;50.429002;7.969398;,
   -15.712499;45.240800;7.519799;,
   -13.612499;41.509200;4.071199;,
   -11.504598;39.917197;2.306199;,
   -7.226201;38.831699;3.114700;,
   -18.373299;59.480800;-0.000001;,
   -17.523998;58.839501;5.350298;,
   -20.196197;56.594502;-0.000001;,
   -19.827398;51.901402;4.312999;,
   -17.819698;46.832198;5.755299;,
   -15.551198;42.973402;3.910199;,
   -14.665800;41.458400;-0.000001;,
   -17.012998;44.077302;2.306199;,
   -19.227698;47.895501;3.114699;,
   -17.636198;44.547901;-0.000001;,
   -19.722098;48.268902;-0.000001;,
   -20.511898;52.418499;-0.000001;,
   -10.881500;39.446602;-0.000000;,
   -6.731701;38.458400;-0.000000;,
   -3.209101;39.351002;4.313000;,
   -2.524400;38.833901;-0.000000;,
   0.583699;40.901002;5.179700;,
   1.405799;40.280102;0.000000;,
   3.423299;43.450400;5.350299;,
   4.272599;42.808998;0.000000;,
   -1.757701;42.669200;9.570799;,
   0.672499;45.097101;9.885998;,
   -5.261801;45.315699;12.504899;,
   -9.395201;48.437200;13.535299;,
   -2.947101;47.830602;12.916699;,
   -7.216601;51.055002;13.980998;,
   -11.486000;54.279398;12.916698;,
   -15.105600;57.012998;9.885998;,
   -7.226201;38.831699;-3.114700;,
   -6.731701;38.458400;-0.000000;,
   -10.881500;39.446602;-0.000000;,
   -11.504598;39.917197;-2.306200;,
   -8.634100;39.895101;-5.755300;,
   -14.665800;41.458400;-0.000001;,
   -19.722098;48.268902;-0.000001;,
   -17.012998;44.077302;-2.306201;,
   -17.636198;44.547901;-0.000001;,
   -15.551198;42.973402;-3.910200;,
   -13.612499;41.509200;-4.071200;,
   -10.741298;41.486499;-7.519800;,
   -8.076399;43.026902;-10.412499;,
   -5.158700;40.823299;-7.969399;,
   -3.209100;39.351002;-4.313000;,
   -2.524400;38.833901;-0.000000;,
   -5.261800;45.315699;-12.504899;,
   -1.757700;42.669200;-9.570799;,
   0.583699;40.901002;-5.179700;,
   1.405799;40.280102;0.000000;,
   -11.485998;54.279398;-12.916700;,
   -7.216599;51.055002;-13.980998;,
   -9.395199;48.437200;-13.535299;,
   -2.947100;47.830602;-12.916699;,
   0.672500;45.097101;-9.885998;,
   3.423299;43.450400;-5.350299;,
   4.272599;42.808998;0.000000;,
   -20.511898;52.418499;-0.000001;,
   -19.827398;51.901402;-4.313001;,
   -19.227698;47.895501;-3.114701;,
   -20.196197;56.594502;-0.000001;,
   -19.373998;55.973498;-5.179700;,
   -18.373299;59.480800;-0.000001;,
   -17.523998;58.839501;-5.350300;,
   -17.032698;54.205203;-9.570800;,
   -15.105600;57.012998;-9.886000;,
   -13.528598;51.558899;-12.504900;,
   -17.877699;50.429002;-7.969401;,
   -19.373998;55.973498;-5.179700;,
   -14.959899;48.225398;-10.412500;,
   -17.819698;46.832198;-5.755300;,
   -15.712499;45.240800;-7.519800;,
   -13.226900;43.363702;-8.139300;,
   -11.518198;45.626202;-11.270400;,
   17.614691;72.117293;-0.000010;,
   18.262790;72.431392;-0.000012;,
   18.167194;72.636493;1.791789;,
   17.078693;73.602086;1.612492;,
   15.877096;73.117690;1.541595;,
   15.853096;72.057088;1.748094;,
   15.700891;71.728691;-0.000006;,
   16.361190;71.850790;-0.000008;,
   17.590794;72.343795;1.851890;,
   18.764294;73.393690;1.541888;,
   18.925491;73.286790;-0.000012;,
   19.302691;74.584691;-0.000012;,
   15.772691;72.924691;-0.000005;,
   18.017693;76.262387;-0.000007;,
   19.309994;76.073293;0.915490;,
   19.426893;76.152794;-0.000011;,
   19.182494;74.687994;1.181088;,
   17.775093;74.979994;1.130692;,
   17.852690;74.944499;-0.000008;,
   17.175790;73.567290;-0.000008;,
   15.772691;72.924691;-0.000005;,
   17.879994;76.229888;0.937693;,
   18.017693;76.262387;-0.000007;,
   17.078686;73.602099;-1.612508;,
   15.877088;73.117696;-1.541606;,
   15.772691;72.924691;-0.000005;,
   15.853088;72.057101;-1.748107;,
   15.700891;71.728691;-0.000006;,
   16.361190;71.850790;-0.000008;,
   17.614691;72.117293;-0.000010;,
   17.590786;72.343802;-1.851910;,
   18.167187;72.636493;-1.791811;,
   18.764286;73.393690;-1.541912;,
   18.262790;72.431392;-0.000012;,
   18.925491;73.286790;-0.000012;,
   19.302691;74.584691;-0.000012;,
   18.017693;76.262387;-0.000007;,
   19.309990;76.073293;-0.915511;,
   17.879990;76.229888;-0.937707;,
   19.426893;76.152794;-0.000011;,
   19.182488;74.687994;-1.181112;,
   17.775090;74.979994;-1.130708;,
   17.852690;74.944499;-0.000008;,
   17.175790;73.567290;-0.000008;,
   18.017693;76.262387;-0.000007;,
   15.772691;72.924691;-0.000005;,
   11.348999;62.356992;8.000401;,
   10.724398;61.911898;9.038800;,
   11.662498;61.637094;8.220401;,
   10.635799;62.485293;8.563300;,
   11.195999;60.567693;7.967101;,
   9.270698;61.922694;9.949900;,
   10.162298;62.697894;9.873500;,
   10.338898;63.074598;9.025800;,
   12.109298;64.798886;8.358701;,
   13.451498;63.868397;6.891501;,
   7.969598;65.563200;11.526800;,
   10.180399;64.214886;10.228100;,
   10.128498;64.574995;9.692500;,
   10.825598;65.730106;9.527001;,
   10.555998;66.274598;8.510600;,
   11.722998;65.459501;7.480301;,
   12.956898;64.599898;6.065000;,
   -1.650402;72.227693;9.202400;,
   2.699398;70.900192;11.271500;,
   -0.814802;73.301190;9.073900;,
   1.916198;69.797498;11.416300;,
   -2.004102;72.135699;9.536800;,
   1.674298;69.626605;11.870000;,
   5.212798;67.231795;12.253000;,
   5.339598;67.477690;11.804900;,
   7.978398;65.879091;11.048400;,
   6.081598;68.606003;11.647500;,
   8.695099;67.020493;10.882100;,
   8.563698;67.471494;9.819000;,
   6.181298;68.906694;10.505600;,
   3.120998;70.991091;10.178300;,
   -0.079702;73.172698;8.164600;,
   -2.155702;74.541702;5.643000;,
   -3.084302;74.832000;6.306400;,
   -3.444402;75.467590;2.623000;,
   -4.503701;75.854400;2.974100;,
   -3.925802;75.748198;-0.000000;,
   -4.984401;76.125901;-0.000000;,
   -5.887501;75.021498;-0.000000;,
   -5.579102;74.819501;3.131300;,
   -6.292101;74.988800;-0.000000;,
   -6.091601;74.834701;3.258100;,
   -7.541302;72.990893;-0.000000;,
   -3.945502;73.775802;6.416000;,
   -4.372602;73.733293;6.706100;,
   -5.705302;71.757491;6.706100;,
   -3.336702;70.159898;9.536800;,
   0.338798;67.646106;11.861400;,
   3.876298;65.250394;12.253000;,
   6.639298;63.575898;11.549400;,
   3.593698;64.889389;11.804900;,
   6.239398;63.284499;11.078600;,
   8.756199;61.705894;9.418400;,
   10.614399;60.398394;7.536501;,
   11.949499;59.442400;5.429201;,
   12.606098;59.562899;5.732201;,
   12.702398;59.010298;3.609600;,
   5.526498;62.323699;10.944199;,
   7.992498;60.707597;9.275601;,
   9.900299;59.438592;7.446001;,
   11.198999;58.507795;5.347200;,
   11.992698;57.871795;2.774301;,
   12.187698;57.993395;2.509400;,
   15.089699;62.312397;2.424501;,
   11.219799;58.175494;1.822400;,
   10.316898;58.701798;4.645600;,
   9.056299;59.585894;6.607601;,
   7.262298;60.848294;8.386100;,
   5.047998;62.252397;9.886100;,
   2.666898;63.693197;10.507700;,
   2.913298;63.908794;11.647500;,
   -0.468502;66.202790;11.250900;,
   -0.397402;65.775693;10.159300;,
   0.171298;67.210099;11.405000;,
   -3.983202;68.603987;9.073900;,
   -3.596102;67.962496;8.164699;,
   -6.252602;70.134797;6.306399;,
   -5.611402;69.389696;5.664300;,
   -7.486002;70.966688;2.972400;,
   -6.652202;70.182605;2.668500;,
   -7.045702;70.437395;-0.000000;,
   -7.914202;71.244902;-0.000000;,
   -7.461602;72.388198;-0.000000;,
   -3.392402;69.645094;9.202400;,
   -5.687502;71.193190;6.416000;,
   -7.321602;72.236301;3.131300;,
   -7.424802;72.858291;3.258100;,
   12.109298;64.798886;-8.358699;,
   11.348999;62.356992;-8.000398;,
   10.635799;62.485293;-8.563300;,
   12.944998;62.238093;-7.410099;,
   12.718798;62.776000;-6.999299;,
   13.451498;63.868397;-6.891499;,
   11.722998;65.459501;-7.480299;,
   10.555998;66.274598;-8.510600;,
   13.689299;62.026298;-5.394499;,
   14.363299;63.207398;-5.284200;,
   12.956898;64.599898;-6.065000;,
   13.836699;63.930899;-4.573700;,
   14.557098;63.144198;-1.724499;,
   14.485400;62.859398;-1.445999;,
   15.089699;62.312397;-2.424499;,
   15.152198;62.573997;-2.681899;,
   14.368800;61.490298;-3.560799;,
   14.489398;61.099398;-4.164899;,
   13.922598;61.518298;-5.705999;,
   10.724398;61.911898;-9.038800;,
   11.662498;61.637094;-8.220399;,
   11.195999;60.567693;-7.967100;,
   12.606098;59.562899;-5.732200;,
   13.216098;59.204397;-4.202099;,
   12.702398;59.010298;-3.609600;,
   11.949499;59.442400;-5.429200;,
   10.162298;62.697894;-9.873500;,
   10.338898;63.074598;-9.025800;,
   9.270698;61.922694;-9.949900;,
   10.614399;60.398394;-7.536499;,
   11.198999;58.507795;-5.347200;,
   11.992698;57.871795;-2.774300;,
   12.187698;57.993395;-2.509399;,
   8.756199;61.705894;-9.418400;,
   6.239398;63.284499;-11.078600;,
   9.900299;59.438592;-7.446000;,
   11.431598;58.312595;-1.535500;,
   11.219799;58.175494;-1.822399;,
   10.316898;58.701798;-4.645599;,
   9.056299;59.585894;-6.607600;,
   7.992498;60.707597;-9.275601;,
   7.262298;60.848294;-8.386100;,
   5.526499;62.323699;-10.944199;,
   5.047998;62.252397;-9.886100;,
   2.666898;63.693197;-10.507700;,
   2.913299;63.908794;-11.647500;,
   -0.468501;66.202790;-11.250900;,
   0.171299;67.210099;-11.405000;,
   -3.983201;68.603987;-9.073900;,
   -3.392401;69.645094;-9.202400;,
   3.593698;64.889389;-11.804900;,
   0.338799;67.646106;-11.861400;,
   -3.336701;70.159898;-9.536800;,
   -2.004101;72.135699;-9.536800;,
   1.674299;69.626605;-11.870000;,
   -4.372601;73.733293;-6.706100;,
   -5.705301;71.757491;-6.706100;,
   -5.687502;71.193190;-6.416000;,
   -7.321602;72.236301;-3.131300;,
   -7.424802;72.858291;-3.258100;,
   -7.541302;72.990893;-0.000000;,
   -6.091601;74.834701;-3.258100;,
   -6.292101;74.988800;-0.000000;,
   -5.579102;74.819501;-3.131300;,
   -5.887501;75.021498;-0.000000;,
   -3.945501;73.775802;-6.416000;,
   -6.252602;70.134797;-6.306400;,
   -7.486002;70.966688;-2.972400;,
   -7.461602;72.388198;-0.000000;,
