xof 0303txt 0032
template ColorRGBA {
 <35ff44e0-6c7c-11cf-8f52-0040333594a3>
 FLOAT red;
 FLOAT green;
 FLOAT blue;
 FLOAT alpha;
}

template ColorRGB {
 <d3e16e81-7835-11cf-8f52-0040333594a3>
 FLOAT red;
 FLOAT green;
 FLOAT blue;
}

template Material {
 <3d82ab4d-62da-11cf-ab39-0020af71e433>
 ColorRGBA faceColor;
 FLOAT power;
 ColorRGB specularColor;
 ColorRGB emissiveColor;
 [...]
}

template TextureFilename {
 <a42790e1-7810-11cf-8f52-0040333594a3>
 STRING filename;
}

template Frame {
 <3d82ab46-62da-11cf-ab39-0020af71e433>
 [...]
}

template Matrix4x4 {
 <f6f23f45-7686-11cf-8f52-0040333594a3>
 array FLOAT matrix[16];
}

template FrameTransformMatrix {
 <f6f23f41-7686-11cf-8f52-0040333594a3>
 Matrix4x4 frameMatrix;
}

template Vector {
 <3d82ab5e-62da-11cf-ab39-0020af71e433>
 FLOAT x;
 FLOAT y;
 FLOAT z;
}

template MeshFace {
 <3d82ab5f-62da-11cf-ab39-0020af71e433>
 DWORD nFaceVertexIndices;
 array DWORD faceVertexIndices[nFaceVertexIndices];
}

template Mesh {
 <3d82ab44-62da-11cf-ab39-0020af71e433>
 DWORD nVertices;
 array Vector vertices[nVertices];
 DWORD nFaces;
 array MeshFace faces[nFaces];
 [...]
}

template MeshMaterialList {
 <f6f23f42-7686-11cf-8f52-0040333594a3>
 DWORD nMaterials;
 DWORD nFaceIndexes;
 array DWORD faceIndexes[nFaceIndexes];
 [Material <3d82ab4d-62da-11cf-ab39-0020af71e433>]
}

template VertexElement {
 <f752461c-1e23-48f6-b9f8-8350850f336f>
 DWORD Type;
 DWORD Method;
 DWORD Usage;
 DWORD UsageIndex;
}

template DeclData {
 <bf22e553-292c-4781-9fea-62bd554bdd93>
 DWORD nElements;
 array VertexElement Elements[nElements];
 DWORD nDWords;
 array DWORD data[nDWords];
}

template XSkinMeshHeader {
 <3cf169ce-ff7c-44ab-93c0-f78f62d172e2>
 WORD nMaxSkinWeightsPerVertex;
 WORD nMaxSkinWeightsPerFace;
 WORD nBones;
}

template SkinWeights {
 <6f0d123b-bad2-4167-a0d0-80224f25fabb>
 STRING transformNodeName;
 DWORD nWeights;
 array DWORD vertexIndices[nWeights];
 array FLOAT weights[nWeights];
 Matrix4x4 matrixOffset;
}

template AnimTicksPerSecond {
 <9e415a43-7ba6-4a73-8743-b73d47e88476>
 DWORD AnimTicksPerSecond;
}

template Animation {
 <3d82ab4f-62da-11cf-ab39-0020af71e433>
 [...]
}

template AnimationSet {
 <3d82ab50-62da-11cf-ab39-0020af71e433>
 [Animation <3d82ab4f-62da-11cf-ab39-0020af71e433>]
}

template FloatKeys {
 <10dd46a9-775b-11cf-8f52-0040333594a3>
 DWORD nValues;
 array FLOAT values[nValues];
}

template TimedFloatKeys {
 <f406b180-7b3b-11cf-8f52-0040333594a3>
 DWORD time;
 FloatKeys tfkeys;
}

template AnimationKey {
 <10dd46a8-775b-11cf-8f52-0040333594a3>
 DWORD keyType;
 DWORD nKeys;
 array TimedFloatKeys keys[nKeys];
}


Material material_0 {
 1.000000;1.000000;1.000000;1.000000;;
 10.000000;
 0.000000;0.000000;0.000000;;
 0.000000;0.000000;0.000000;;

 TextureFilename {
  "AbandonedAutomatedGuardian_diff.tga";
 }
}

Frame SceneRoot {
 

 FrameTransformMatrix {
  1.000000,0.000000,0.000000,0.000000,0.000000,1.000000,0.000000,0.000000,0.000000,0.000000,1.000000,0.000000,0.000000,0.000000,0.000000,1.000000;;
 }

 Frame Dummy_root {
  

  FrameTransformMatrix {
   1.000000,0.000000,0.000000,0.000000,0.000000,1.000000,0.000000,0.000000,0.000000,-0.000000,1.000000,0.000000,0.000000,0.000000,0.000000,1.000000;;
  }

  Frame FxBottom {
   

   FrameTransformMatrix {
    1.000000,0.000000,0.000000,0.000000,0.000000,1.000000,0.000000,0.000000,0.000000,0.000000,1.000000,0.000000,0.000000,0.000000,-0.000000,1.000000;;
   }
  }

  Frame Bip01 {
   

   FrameTransformMatrix {
    0.996755,0.080031,0.008685,0.000000,-0.080023,0.996792,-0.001332,0.000000,-0.008764,0.000632,0.999961,0.000000,-0.000002,50.500000,0.000000,1.000000;;
   }

   Frame Bip01-Pelvis {
    

    FrameTransformMatrix {
     0.000000,1.000000,-0.000001,0.000000,-0.000001,0.000001,1.000000,0.000000,1.000000,0.000000,0.000001,0.000000,0.000000,0.000000,0.000000,1.000000;;
    }

    Frame Bip01-Spine {
     

     FrameTransformMatrix {
      0.963897,0.000001,0.266278,0.000000,-0.000002,1.000000,0.000004,0.000000,-0.266278,-0.000004,0.963897,0.000000,6.499565,0.000012,-1.086690,1.000000;;
     }

     Frame Bip01-Spine1 {
      

      FrameTransformMatrix {
       0.984421,0.000000,0.175825,0.000000,-0.000000,1.000000,-0.000000,0.000000,-0.175825,-0.000000,0.984421,0.000000,11.636036,-0.000001,-0.013392,1.000000;;
      }

      Frame Bip01-Neck {
       

       FrameTransformMatrix {
        1.000000,0.000000,-0.000000,0.000000,0.000000,1.000000,0.000000,0.000000,0.000000,0.000000,1.000000,0.000000,23.227253,-0.000001,-0.492781,1.000000;;
       }

       Frame Bip01-Head {
        

        FrameTransformMatrix {
         0.999972,0.000000,0.007510,0.000000,-0.000000,1.000000,0.000000,0.000000,-0.007510,-0.000000,0.999972,0.000000,6.356979,-0.000000,0.000002,1.000000;;
        }

        Frame Bip01-HeadNub {
         

         FrameTransformMatrix {
          1.000000,0.000000,-0.000000,0.000000,0.000000,1.000000,0.000000,0.000000,0.000000,-0.000000,1.000000,0.000000,18.759704,-0.000001,-0.000004,1.000000;;
         }
        }

        Frame FxTop {
         

         FrameTransformMatrix {
          0.365024,-0.008762,0.930957,0.000000,0.930995,0.000631,-0.365032,0.000000,0.002611,0.999962,0.008388,0.000000,12.030311,0.000032,9.713848,1.000000;;
         }
        }
       }

       Frame Bip01-L-Clavicle {
        

        FrameTransformMatrix {
         0.180036,0.953632,-0.241189,0.000000,0.983660,-0.174733,0.043384,0.000000,-0.000772,-0.245059,-0.969508,0.000000,-5.514038,6.984196,-1.308369,1.000000;;
        }

        Frame Bip01-L-UpperArm {
         

         FrameTransformMatrix {
          0.718494,-0.668494,-0.192049,0.000000,0.693993,0.707398,0.134020,0.000000,0.046264,-0.229573,0.972191,0.000000,6.652023,-0.000023,-0.000004,1.000000;;
         }

         Frame Bip01-L-Forearm {
          

          FrameTransformMatrix {
           0.495049,0.000000,-0.868865,0.000000,-0.000000,1.000000,0.000000,0.000000,0.868865,0.000000,0.495049,0.000000,23.962666,0.000008,-0.000001,1.000000;;
          }

          Frame Bip01-L-Hand {
           

           FrameTransformMatrix {
            0.828491,0.534193,-0.168051,0.000000,0.334841,-0.232010,0.913265,0.000000,0.448870,-0.812902,-0.371088,0.000000,19.545731,-0.000008,0.000002,1.000000;;
           }

           Frame Bip01-L-Finger0 {
            

            FrameTransformMatrix {
             0.351505,-0.916539,0.190788,0.000000,0.173965,-0.136297,-0.975274,0.000000,0.919881,0.376005,0.111537,0.000000,6.375431,-7.097027,4.160149,1.000000;;
            }

            Frame Bip01-L-Finger01 {
             

             FrameTransformMatrix {
              0.683901,0.000000,0.729575,0.000000,0.000000,1.000000,-0.000000,0.000000,-0.729575,-0.000000,0.683901,0.000000,3.551700,0.000008,-0.000004,1.000000;;
             }

             Frame Bip01-L-Finger02 {
              

              FrameTransformMatrix {
               0.365475,-0.000000,0.930821,0.000000,0.000000,1.000000,0.000000,0.000000,-0.930821,-0.000000,0.365476,0.000000,3.372662,-0.000008,0.000000,1.000000;;
              }

              Frame Bip01-L-Finger0Nub {
               

               FrameTransformMatrix {
                1.000000,0.000000,0.000000,0.000000,0.000000,1.000000,0.000000,0.000000,-0.000000,-0.000000,1.000000,0.000000,7.786070,-0.000008,0.000000,1.000000;;
               }
              }
             }
            }
           }

           Frame Bip01-L-Finger1 {
            

            FrameTransformMatrix {
             0.917962,-0.145873,-0.368874,0.000000,0.170362,0.984777,0.034519,0.000000,0.358223,-0.094529,0.928838,0.000000,14.112819,-3.973457,-0.399948,1.000000;;
            }

            Frame Bip01-L-Finger11 {
             

             FrameTransformMatrix {
              0.966991,0.000000,0.254813,0.000000,-0.000000,1.000000,0.000000,0.000000,-0.254813,-0.000000,0.966990,0.000000,5.168632,0.000000,-0.000002,1.000000;;
             }

             Frame Bip01-L-Finger12 {
              

              FrameTransformMatrix {
               0.210725,0.000000,0.977545,0.000000,0.000000,1.000000,0.000000,0.000000,-0.977546,0.000000,0.210725,0.000000,4.591141,-0.000011,0.000004,1.000000;;
              }

              Frame Bip01-L-Finger1Nub {
               

               FrameTransformMatrix {
                1.000000,-0.000000,-0.000000,0.000000,-0.000000,1.000000,0.000000,0.000000,-0.000000,-0.000000,1.000000,0.000000,7.047081,0.000000,0.000000,1.000000;;
               }
              }
             }
            }
           }

           Frame Bip01-L-Finger2 {
            

            FrameTransformMatrix {
             0.507102,-0.018013,-0.861698,0.000000,0.059465,0.998131,0.014130,0.000000,0.859833,-0.058406,0.507225,0.000000,14.727245,0.960815,-0.406216,1.000000;;
            }

            Frame Bip01-L-Finger21 {
             

             FrameTransformMatrix {
              0.439029,0.000000,0.898473,0.000000,-0.000000,1.000000,-0.000000,0.000000,-0.898473,0.000000,0.439029,0.000000,4.774277,-0.000004,0.000006,1.000000;;
             }

             Frame Bip01-L-Finger22 {
              

              FrameTransformMatrix {
               0.058819,0.000000,0.998269,0.000000,0.000000,1.000000,-0.000000,0.000000,-0.998269,0.000000,0.058819,0.000000,4.932907,0.000004,-0.000008,1.000000;;
              }

              Frame Bip01-L-Finger2Nub {
               

               FrameTransformMatrix {
                1.000000,0.000000,0.000000,0.000000,-0.000000,1.000000,-0.000000,0.000000,0.000000,0.000000,1.000000,0.000000,6.638359,0.000004,0.000000,1.000000;;
               }
              }
             }
            }
           }

           Frame Bip01-L-Finger3 {
            

            FrameTransformMatrix {
             0.931234,0.200426,0.304357,0.000000,-0.273734,0.936038,0.221138,0.000000,-0.240568,-0.289244,0.926534,0.000000,13.963834,5.518204,0.072124,1.000000;;
            }

            Frame Bip01-L-Finger31 {
             

             FrameTransformMatrix {
              0.465902,0.000000,0.884836,0.000000,-0.000000,1.000000,-0.000000,0.000000,-0.884836,0.000000,0.465902,0.000000,5.329735,0.000000,-0.000008,1.000000;;
             }

             Frame Bip01-L-Finger32 {
              

              FrameTransformMatrix {
               0.344730,0.000000,0.938702,0.000000,-0.000000,1.000000,0.000000,0.000000,-0.938702,0.000000,0.344730,0.000000,3.619072,-0.000008,0.000000,1.000000;;
              }

              Frame Bip01-L-Finger3Nub {
               

               FrameTransformMatrix {
                1.000000,-0.000000,0.000000,0.000000,0.000000,1.000000,0.000000,0.000000,-0.000000,-0.000000,1.000000,0.000000,5.881866,0.000000,0.000004,1.000000;;
               }
              }
             }
            }
           }

           Frame FxHand00 {
            

            FrameTransformMatrix {
             0.749933,-0.369696,0.548568,0.000000,0.218588,-0.644191,-0.732965,0.000000,0.624356,0.669585,-0.402288,0.000000,10.253769,-0.798531,4.441864,1.000000;;
            }
           }
          }

          Frame Dummy01 {
           

           FrameTransformMatrix {
            0.135246,0.878994,0.457250,0.000000,0.001585,0.461298,-0.887244,0.000000,-0.990811,0.120721,0.060995,0.000000,1.903749,15.621078,13.365349,1.000000;;
           }

           Frame Bone01 {
            

            FrameTransformMatrix {
             -0.012821,-0.000000,0.999918,0.000000,0.000012,1.000000,0.000000,0.000000,-0.999918,0.000012,-0.012821,0.000000,0.299988,3.177082,0.033003,1.000000;;
            }
           }
          }
         }
        }

        Frame Bone17 {
         

         FrameTransformMatrix {
          0.852696,-0.494749,-0.167732,0.000000,0.494723,0.867888,-0.044944,0.000000,0.167808,-0.044658,0.984808,0.000000,1.361288,6.682754,-0.501459,1.000000;;
         }
        }
       }

       Frame Bip01-R-Clavicle {
        

        FrameTransformMatrix {
         0.180036,-0.953634,-0.241184,0.000000,-0.983660,-0.174733,-0.043383,0.000000,-0.000771,0.245054,-0.969510,0.000000,-5.514053,-6.984205,-1.308325,1.000000;;
        }

        Frame Bip01-R-UpperArm {
         

         FrameTransformMatrix {
          0.718877,0.667677,-0.193453,0.000000,-0.693537,0.707762,-0.134460,0.000000,0.047143,0.230827,0.971852,0.000000,6.652023,0.000015,-0.000002,1.000000;;
         }

         Frame Bip01-R-Forearm {
          

          FrameTransformMatrix {
           0.498594,0.000000,-0.866836,0.000000,-0.000000,1.000000,0.000000,0.000000,0.866836,0.000000,0.498594,0.000000,23.962648,0.000008,0.000001,1.000000;;
          }

          Frame Bip01-R-Hand {
           

           FrameTransformMatrix {
            0.828491,-0.534193,-0.168050,0.000000,-0.334841,-0.232011,-0.913265,0.000000,0.448870,0.812902,-0.371088,0.000000,19.545733,0.000015,0.000002,1.000000;;
           }

           Frame Bip01-R-Finger0 {
            

            FrameTransformMatrix {
             0.351505,0.916539,0.190788,0.000000,-0.173965,-0.136296,0.975274,0.000000,0.919881,-0.376005,0.111537,0.000000,6.375431,7.097034,4.160156,1.000000;;
            }

            Frame Bip01-R-Finger01 {
             

             FrameTransformMatrix {
              0.683901,0.000000,0.729575,0.000000,0.000000,1.000000,-0.000000,0.000000,-0.729575,0.000000,0.683901,0.000000,3.551689,0.000008,0.000000,1.000000;;
             }

             Frame Bip01-R-Finger02 {
              

              FrameTransformMatrix {
               0.365476,0.000000,0.930821,0.000000,-0.000000,1.000000,0.000000,0.000000,-0.930821,0.000000,0.365476,0.000000,3.372673,0.000000,-0.000004,1.000000;;
              }

              Frame Bip01-R-Finger0Nub {
               

               FrameTransformMatrix {
                -1.000000,0.000000,-0.000690,0.000000,0.000000,1.000000,-0.000000,0.000000,0.000690,-0.000000,-1.000000,0.000000,7.786062,-0.000008,-0.000004,1.000000;;
               }
              }
             }
            }
           }

           Frame Bip01-R-Finger1 {
            

            FrameTransformMatrix {
             0.546481,0.065273,-0.834924,0.000000,-0.170362,0.984777,-0.034519,0.000000,0.819960,0.161104,0.549282,0.000000,14.112816,3.973465,-0.399944,1.000000;;
            }

            Frame Bip01-R-Finger11 {
             

             FrameTransformMatrix {
              0.966990,-0.000000,0.254813,0.000000,0.000000,1.000000,0.000000,0.000000,-0.254813,0.000000,0.966991,0.000000,5.168617,0.000000,0.000004,1.000000;;
             }

             Frame Bip01-R-Finger12 {
              

              FrameTransformMatrix {
               0.210725,-0.000000,0.977545,0.000000,-0.000000,1.000000,0.000000,0.000000,-0.977546,-0.000000,0.210725,0.000000,4.591126,0.000008,0.000004,1.000000;;
              }

              Frame Bip01-R-Finger1Nub {
               

               FrameTransformMatrix {
                -1.000000,-0.000000,-0.000690,0.000000,-0.000000,1.000000,0.000000,0.000000,0.000690,0.000000,-1.000000,0.000000,7.047094,0.000004,0.000000,1.000000;;
               }
              }
             }
            }
           }

           Frame Bip01-R-Finger2 {
            

            FrameTransformMatrix {
             0.507102,0.018013,-0.861698,0.000000,-0.059465,0.998131,-0.014130,0.000000,0.859833,0.058406,0.507225,0.000000,14.727242,-0.960806,-0.406216,1.000000;;
            }

            Frame Bip01-R-Finger21 {
             

             FrameTransformMatrix {
              0.439029,-0.000000,0.898473,0.000000,0.000000,1.000000,0.000000,0.000000,-0.898473,0.000000,0.439029,0.000000,4.774277,-0.000002,0.000004,1.000000;;
             }

             Frame Bip01-R-Finger22 {
              

              FrameTransformMatrix {
               0.058819,0.000000,0.998269,0.000000,-0.000000,1.000000,-0.000000,0.000000,-0.998269,-0.000000,0.058819,0.000000,4.932907,0.000000,-0.000015,1.000000;;
              }

              Frame Bip01-R-Finger2Nub {
               

               FrameTransformMatrix {
                -1.000000,-0.000000,-0.000690,0.000000,0.000000,1.000000,0.000000,0.000000,0.000690,0.000000,-1.000000,0.000000,6.638367,0.000004,0.000000,1.000000;;
               }
              }
             }
            }
           }

           Frame Bip01-R-Finger3 {
            

            FrameTransformMatrix {
             0.931234,-0.200426,0.304356,0.000000,0.273734,0.936039,-0.221138,0.000000,-0.240568,0.289244,0.926534,0.000000,13.963837,-5.518200,0.072128,1.000000;;
            }

            Frame Bip01-R-Finger31 {
             

             FrameTransformMatrix {
              0.465902,0.000000,0.884837,0.000000,0.000000,1.000000,0.000000,0.000000,-0.884837,0.000000,0.465902,0.000000,5.329731,0.000008,-0.000008,1.000000;;
             }

             Frame Bip01-R-Finger32 {
              

              FrameTransformMatrix {
               0.344730,0.000000,0.938702,0.000000,0.000000,1.000000,-0.000000,0.000000,-0.938702,0.000000,0.344730,0.000000,3.619080,0.000000,0.000015,1.000000;;
              }

              Frame Bip01-R-Finger3Nub {
               

               FrameTransformMatrix {
                -1.000000,0.000000,-0.000690,0.000000,-0.000000,1.000000,0.000000,0.000000,0.000690,-0.000000,-1.000000,0.000000,5.881874,-0.000008,0.000000,1.000000;;
               }
              }
             }
            }
           }

           Frame FxHand01 {
            

            FrameTransformMatrix {
             0.759619,0.360152,0.541543,0.000000,0.217474,0.644081,-0.733393,0.000000,-0.612930,0.674871,0.410933,0.000000,10.253742,0.798466,4.441883,1.000000;;
            }
           }
          }

          Frame Dummy02 {
           

           FrameTransformMatrix {
            -0.105519,0.918749,-0.380481,0.000000,-0.051661,-0.387166,-0.920562,0.000000,-0.993075,-0.077480,0.088317,0.000000,0.030729,-15.722824,12.949702,1.000000;;
           }

           Frame Bone01_mirrored_ {
            

            FrameTransformMatrix {
             0.012820,-0.000000,0.999918,0.000000,0.000007,1.000000,-0.000000,0.000000,-0.999918,0.000007,0.012820,0.000000,-0.300003,3.177090,0.033690,1.000000;;
            }
           }
          }
         }
        }

        Frame Bone17_mirrored_ {
         

         FrameTransformMatrix {
          0.852695,0.494793,-0.167604,0.000000,0.494681,-0.867887,-0.045418,0.000000,-0.167934,-0.044182,-0.984808,0.000000,1.361288,-6.682785,-0.501434,1.000000;;
         }
        }
       }
      }

      Frame Bone21_mirrored_ {
       

       FrameTransformMatrix {
        -0.457045,-0.825723,-0.330593,0.000000,0.159453,0.289598,-0.943773,0.000000,0.875034,-0.484061,-0.000695,0.000000,35.985043,-0.084748,-7.046089,1.000000;;
       }
      }

      Frame Bone21 {
       

       FrameTransformMatrix {
        -0.457046,0.825722,-0.330595,0.000000,0.159453,-0.289600,-0.943773,0.000000,-0.875034,-0.484062,0.000697,0.000000,35.985043,0.085250,-7.046086,1.000000;;
       }
      }

      Frame Bone19 {
       

       FrameTransformMatrix {
        -0.985227,-0.001077,0.171251,0.000000,0.001077,-1.000000,-0.000092,0.000000,0.171251,0.000094,0.985228,0.000000,21.076458,0.000015,11.313929,1.000000;;
       }
      }

      Frame FxCenter {
       

       FrameTransformMatrix {
        0.358021,-0.008762,0.933672,0.000000,0.933710,0.000631,-0.358030,0.000000,0.002548,0.999962,0.008407,0.000000,1.816875,-0.000008,-1.287022,1.000000;;
       }
      }
     }

     Frame Bip01-L-Thigh {
      

      FrameTransformMatrix {
       -0.854458,0.000576,0.519521,0.000000,-0.000574,-1.000000,0.000164,0.000000,0.519521,-0.000159,0.854458,0.000000,-5.975540,6.729103,2.778132,1.000000;;
      }

      Frame Bip01-L-Calf {
       

       FrameTransformMatrix {
        0.980065,0.000000,-0.198675,0.000000,-0.000000,1.000000,-0.000000,0.000000,0.198675,0.000000,0.980065,0.000000,2.579105,0.000000,0.000000,1.000000;;
       }

       Frame Bip01-L-Foot {
        

        FrameTransformMatrix {
         0.997056,-0.000000,-0.076679,0.000000,0.000000,1.000000,-0.000000,0.000000,0.076679,-0.000000,0.997056,0.000000,2.579105,0.000000,-0.000001,1.000000;;
        }

        Frame Bip01-L-Toe0 {
         

         FrameTransformMatrix {
          0.000000,0.000000,1.000000,0.000000,-0.000000,1.000000,-0.000000,0.000000,-1.000000,-0.000000,0.000000,0.000000,0.593205,-0.000000,0.763418,1.000000;;
         }

         Frame Bip01-L-Toe01 {
          

          FrameTransformMatrix {
           1.000000,-0.000000,-0.000000,0.000000,0.000000,1.000000,0.000000,0.000000,-0.000000,0.000000,1.000000,0.000000,0.077374,-0.000000,0.000000,1.000000;;
          }

          Frame Bip01-L-Toe02 {
           

           FrameTransformMatrix {
            1.000000,-0.000000,-0.000000,0.000000,0.000000,1.000000,0.000000,0.000000,-0.000000,0.000000,1.000000,0.000000,0.077373,0.000000,-0.000008,1.000000;;
           }

           Frame Bip01-L-Toe0Nub {
            

            FrameTransformMatrix {
             -1.000000,0.000000,-0.000690,0.000000,0.000000,1.000000,0.000000,0.000000,0.000690,0.000000,-1.000000,0.000000,0.077374,-0.000000,0.000000,1.000000;;
            }
           }
          }
         }
        }
       }
      }
     }

     Frame Bip01-R-Thigh {
      

      FrameTransformMatrix {
       -0.854458,0.000576,0.519521,0.000000,-0.000574,-1.000000,0.000164,0.000000,0.519521,-0.000159,0.854458,0.000000,-5.975540,-6.729090,2.778170,1.000000;;
      }

      Frame Bip01-R-Calf {
       

       FrameTransformMatrix {
        0.980065,0.000000,-0.198675,0.000000,-0.000000,1.000000,-0.000000,0.000000,0.198675,0.000000,0.980065,0.000000,2.579105,0.000001,0.000002,1.000000;;
       }

       Frame Bip01-R-Foot {
        

        FrameTransformMatrix {
         0.997056,-0.000000,-0.076679,0.000000,0.000000,1.000000,-0.000000,0.000000,0.076679,-0.000000,0.997056,0.000000,2.579109,-0.000001,-0.000001,1.000000;;
        }

        Frame Bip01-R-Toe0 {
         

         FrameTransformMatrix {
          0.000000,-0.000000,1.000000,0.000000,-0.000000,1.000000,0.000000,0.000000,-1.000000,-0.000000,0.000000,0.000000,0.593201,0.000001,0.763417,1.000000;;
         }

         Frame Bip01-R-Toe01 {
          

          FrameTransformMatrix {
           1.000000,-0.000000,-0.000000,0.000000,-0.000000,1.000000,-0.000000,0.000000,0.000000,0.000000,1.000000,0.000000,0.077374,-0.000001,0.000004,1.000000;;
          }

          Frame Bip01-R-Toe02 {
           

           FrameTransformMatrix {
            1.000000,-0.000000,-0.000000,0.000000,-0.000000,1.000000,-0.000000,0.000000,0.000000,0.000000,1.000000,0.000000,0.077373,0.000001,0.000000,1.000000;;
           }

           Frame Bip01-R-Toe0Nub {
            

            FrameTransformMatrix {
             1.000000,-0.000000,-0.000000,0.000000,-0.000000,1.000000,-0.000000,0.000000,0.000000,0.000000,1.000000,0.000000,0.077373,-0.000000,-0.000008,1.000000;;
            }
           }
          }
         }
        }
       }
      }
     }
    }
   }
  }
 }

 Frame AbandonedAutomatedGuardian_skel {
  

  FrameTransformMatrix {
   1.000000,0.000000,0.000000,0.000000,0.000000,1.000000,0.000000,0.000000,0.000000,0.000000,1.000000,0.000000,0.000000,0.000000,0.000000,1.000000;;
  }

  Mesh AbandonedAutomatedGuardian_skel {
   6078;
   13.070753;67.354739;-1.196879;,
   13.638469;65.007827;0.118824;,
   13.405328;68.153395;0.118821;,
   8.082044;90.874093;-8.364201;,
   6.409918;90.062362;-8.293388;,
   7.846450;90.861869;-7.490958;,
   6.673600;90.144102;-8.881607;,
   5.678365;89.470848;-8.951001;,
   6.409918;90.062362;-8.293388;,
   6.127818;89.466733;-9.638591;,
   5.272381;88.638854;-9.657122;,
   7.075591;89.641824;-9.679818;,
   8.658116;90.213914;-9.131438;,
   7.075591;89.641824;-9.679818;,
   9.781690;90.890451;-7.595360;,
   9.587670;91.086074;-6.896109;,
   10.591578;90.497549;-7.193862;,
   10.741283;90.223750;-8.438106;,
   9.595703;88.520282;-10.200591;,
   8.658116;90.213914;-9.131438;,
   7.088231;88.011251;-10.463727;,
   5.606680;88.633338;-10.382636;,
   5.965861;87.160736;-10.943338;,
   5.482231;87.140672;-10.407365;,
   8.259825;86.862170;-10.908262;,
   10.141998;86.575712;-11.162217;,
   6.656971;86.002675;-10.830238;,
   6.221109;85.966310;-10.277786;,
   7.806158;85.622125;-10.299647;,
   10.300891;85.548986;-10.541324;,
   12.073313;87.589165;-9.332617;,
   11.656605;89.035872;-8.813298;,
   7.461496;82.387514;-8.084097;,
   4.170242;81.831392;-8.451192;,
   4.510557;81.048819;-8.319315;,
   4.676840;82.542035;-8.506698;,
   5.686592;83.305619;-8.743974;,
   5.949325;83.889933;-8.877156;,
   5.472788;80.612557;-8.274041;,
   6.537678;79.289939;-8.665442;,
   26.236240;87.904986;-0.000024;,
   19.329475;87.334330;-3.705981;,
   18.422253;90.001152;-3.864560;,
   15.231402;87.482707;-6.360523;,
   16.844974;83.732154;-5.310681;,
   12.558558;86.942566;-8.433816;,
   13.558283;82.677600;-6.824154;,
   10.482401;82.684179;-7.574490;,
   9.526846;79.787878;-8.246402;,
   19.996731;84.506752;-3.464054;,
   17.709427;82.208397;-3.453607;,
   15.766931;78.738112;-5.906222;,
   12.104132;79.830797;-8.990822;,
   7.922929;76.467034;-8.451055;,
   6.537678;79.289939;-8.665442;,
   11.319087;73.656250;-6.643895;,
   18.559856;75.956422;-3.316784;,
   22.141202;79.169677;-0.000018;,
   22.378578;83.693690;-0.000022;,
   18.143253;73.702048;-2.271963;,
   11.110047;71.798554;-4.368534;,
   8.208721;71.883642;-6.132204;,
   7.198174;72.876282;-7.066694;,
   6.862106;74.715469;-7.806995;,
   13.638469;65.007827;0.118824;,
   13.070753;67.354739;-1.196879;,
   15.586115;67.729018;0.118823;,
   16.913250;70.599258;-0.000012;,
   12.602189;69.883494;-2.713142;,
   19.380234;72.214758;-0.000013;,
   24.485694;72.556256;-0.000011;,
   24.537197;74.158099;-0.000012;,
   12.375458;69.578963;-9.667328;,
   10.942028;71.170867;-11.631176;,
   13.205264;71.731539;-9.789048;,
   11.582468;69.138029;-8.081198;,
   11.558976;68.136902;-9.429443;,
   10.912323;68.974822;-9.880713;,
   8.428500;69.248122;-11.297726;,
   7.460215;70.558106;-12.664696;,
   7.293930;73.500602;-12.758950;,
   9.585164;68.349472;-10.324888;,
   9.629507;67.882566;-9.813730;,
   10.573390;66.701011;-9.190935;,
   10.508838;67.666784;-8.498070;,
   10.978557;69.267181;-7.302920;,
   12.009958;71.765997;-6.987952;,
   11.146110;71.844576;-6.613605;,
   11.774846;74.154579;-7.207417;,
   10.940128;74.137651;-6.943822;,
   13.208524;74.203392;-10.631217;,
   11.923102;76.589248;-9.115642;,
   11.895388;76.418816;-11.590830;,
   10.620957;73.896166;-12.131038;,
   9.787978;76.103226;-13.141866;,
   7.797466;77.643872;-14.855005;,
   10.448858;76.534061;-8.563687;,
   10.667198;77.993357;-10.713058;,
   8.362791;79.073171;-14.258853;,
   7.014317;79.866733;-14.927589;,
   5.391569;78.478445;-16.438837;,
   4.673198;77.631866;-16.433594;,
   4.610871;77.007840;-16.106256;,
   9.220921;79.582522;-12.008335;,
   8.079017;81.894592;-12.336221;,
   8.362791;79.073171;-14.258853;,
   6.956998;81.865862;-13.515786;,
   7.387026;83.011827;-11.402838;,
   8.113154;81.383712;-11.403576;,
   8.683650;79.891923;-10.958177;,
   9.832468;78.211507;-9.920917;,
   10.448858;76.534061;-8.563687;,
   5.166323;76.636838;-15.333288;,
   6.364297;75.613190;-14.405776;,
   -6.456653;72.379712;-15.311662;,
   -5.100552;70.117011;-13.588432;,
   -6.729959;69.709286;-12.915629;,
   -7.309230;73.491610;-13.822942;,
   -6.286038;76.030214;-13.190758;,
   -6.252221;75.571277;-14.312576;,
   -5.821054;74.973478;-15.741954;,
   -4.852706;72.303283;-15.271098;,
   -3.026058;71.328538;-14.372298;,
   -3.370417;70.360461;-13.426438;,
   -5.157152;69.132506;-11.922398;,
   -6.904005;68.835341;-11.780766;,
   -5.753175;76.480512;-14.520139;,
   -5.267424;76.426042;-15.469544;,
   -4.365240;76.039597;-15.715787;,
   -4.576437;74.856186;-15.616675;,
   -2.988027;75.004134;-15.802226;,
   -2.880167;72.745875;-15.263981;,
   -3.522893;76.083846;-15.794379;,
   -3.991591;76.875731;-15.632085;,
   -4.650384;77.636838;-15.544827;,
   -5.061080;77.359347;-14.697288;,
   -5.782308;76.572275;-13.474794;,
   -7.446494;71.075699;-12.455760;,
   -7.335921;72.212397;-11.745396;,
   -7.378609;73.239488;-12.139184;,
   -7.229296;74.289414;-12.796171;,
   -7.276170;70.466067;-10.961078;,
   -7.272369;69.737062;-10.940467;,
   2.807586;34.086838;48.301440;,
   1.532772;31.206355;47.551136;,
   1.650060;34.341347;50.366349;,
   2.096637;31.548714;47.019712;,
   0.923187;38.178099;52.411866;,
   2.028949;37.496918;50.821274;,
   -0.075011;34.804467;51.316570;,
   -1.680613;29.377971;49.554787;,
   0.937763;29.386470;46.950115;,
   1.310491;28.535814;45.826493;,
   6.606304;72.882246;-15.713955;,
   2.968597;75.045075;-17.527699;,
   5.311984;75.270784;-17.374918;,
   6.107407;67.035629;-12.425231;,
   5.980690;67.315046;-11.042046;,
   5.437619;65.053389;-11.494251;,
   6.973807;70.245043;-13.546010;,
   6.779174;70.349357;-10.457755;,
   7.029154;71.855270;-10.709334;,
   6.951340;73.362285;-11.023643;,
   6.789471;74.807923;-12.278411;,
   5.985232;76.115341;-13.463214;,
   4.103818;76.825242;-17.734810;,
   2.396848;76.858566;-17.600690;,
   2.336850;77.382144;-17.652506;,
   2.795439;78.022611;-17.626059;,
   3.806626;78.292358;-17.430920;,
   4.912846;77.271789;-16.373994;,
   1.640854;74.788422;-16.936573;,
   1.813190;73.722694;-17.010406;,
   0.341239;73.809171;-17.246704;,
   1.744465;73.214918;-15.944667;,
   4.056744;72.794598;-16.105064;,
   2.135451;72.236352;-15.181782;,
   2.396978;70.878560;-14.600386;,
   4.366448;70.521869;-14.460560;,
   2.797846;70.154605;-13.845301;,
   4.701225;67.128538;-11.654619;,
   5.115698;67.045229;-12.293552;,
   -15.697318;64.886835;-4.311482;,
   -13.153590;71.250534;-8.767804;,
   -13.735480;69.734874;-6.524900;,
   -16.601718;69.535027;-6.646118;,
   -16.789734;70.983565;-3.520638;,
   -17.511120;72.846176;-3.830094;,
   -17.814728;71.408262;-8.816934;,
   -17.592469;74.579008;-4.018018;,
   -17.825840;76.402560;-4.359172;,
   -17.626899;74.555251;-11.050406;,
   -17.742752;78.516909;-5.854490;,
   -16.239651;80.049638;-8.218039;,
   -16.382755;77.505837;-12.221956;,
   -13.766634;81.490771;-12.051846;,
   -11.918398;78.534778;-12.001818;,
   -11.646754;76.929536;-11.951226;,
   -11.791703;74.870522;-11.591102;,
   -12.233352;73.540102;-10.793838;,
   -13.000381;72.386803;-9.677290;,
   1.650060;34.341347;50.366349;,
   4.609535;33.767859;50.159075;,
   2.807586;34.086838;48.301440;,
   3.087680;34.176378;51.866605;,
   6.809791;55.384096;51.763984;,
   3.924384;55.519187;51.817555;,
   4.916881;55.322726;49.812323;,
   5.397075;55.479718;53.346637;,
   4.916881;55.322726;49.812323;,
   4.441097;58.980077;49.341146;,
   4.924625;58.576614;48.758605;,
   3.924384;55.519187;51.817555;,
   1.641363;61.174131;51.593808;,
   2.120620;55.546931;52.685558;,
   3.722381;52.719184;51.820426;,
   2.421661;52.012307;53.371318;,
   4.720699;61.336480;47.907158;,
   4.120087;60.322662;48.986592;,
   10.517497;93.348640;-4.158846;,
   9.760301;92.147066;-5.178330;,
   10.063587;93.810547;-2.823132;,
   9.935961;91.326131;-7.372454;,
   13.169043;91.312608;-5.009206;,
   11.496859;92.422150;-4.202328;,
   13.672138;93.104006;-3.683246;,
   10.251372;92.236768;-5.904856;,
   9.587670;91.086074;-6.896109;,
   11.850217;89.569235;-7.131005;,
   13.898134;89.805062;-5.776962;,
   13.150815;94.104742;-3.589659;,
   15.811344;94.237254;-3.327896;,
   17.441594;93.583341;-3.333897;,
   21.583138;92.239411;-1.453368;,
   23.885571;90.518099;-0.776543;,
   22.557888;92.372301;-0.000030;,
   24.528579;90.539366;-0.000027;,
   18.913803;94.936058;-1.495897;,
   19.295158;95.206835;-0.000034;,
   15.602480;95.629811;-2.245707;,
   12.688895;95.948531;-2.571391;,
   11.445099;95.686714;-3.373056;,
   15.372848;97.500960;-0.000037;,
   11.052501;98.756448;-0.000040;,
   9.865650;98.917056;0.118792;,
   -2.769124;61.766138;53.409622;,
   1.641363;61.174131;51.593808;,
   -1.638747;60.653024;53.217373;,
   -1.496026;59.320666;53.702906;,
   0.612171;52.897606;54.105370;,
   2.120620;55.546931;52.685558;,
   2.421661;52.012307;53.371318;,
   0.757808;55.700845;54.143910;,
   -1.460204;55.688544;54.497312;,
   -2.223946;58.986694;54.010368;,
   1.310491;28.535814;45.826493;,
   2.257900;28.923510;48.233968;,
   2.484482;28.373757;47.496563;,
   0.937763;29.386470;46.950115;,
   1.532772;31.206355;47.551136;,
   2.805080;30.955232;49.001725;,
   4.139431;31.338240;48.418224;,
   2.096637;31.548714;47.019712;,
   5.560779;60.585357;50.377798;,
   4.720699;61.336480;47.907158;,
   5.959770;61.312384;49.655040;,
   4.120087;60.322662;48.986592;,
   4.441097;58.980077;49.341146;,
   5.939132;58.876691;50.749040;,
   7.037250;58.561555;50.236938;,
   4.924625;58.576614;48.758605;,
   -4.404305;31.546934;51.912864;,
   -4.340823;31.824710;54.648320;,
   -5.051894;31.958790;52.271446;,
   -3.418484;31.312246;53.573920;,
   -4.138585;29.290448;52.933203;,
   -4.935717;29.723405;51.265120;,
   -6.179310;28.965469;51.328944;,
   -4.948750;28.800166;52.957456;,
   12.914002;34.606410;30.294154;,
   7.337246;35.363328;39.316077;,
   8.934662;38.615738;37.548989;,
   11.537994;41.354218;34.538016;,
   9.456894;40.958330;37.275696;,
   10.054878;43.786170;37.225181;,
   -1.680613;29.377971;49.554787;,
   -9.925922;15.567118;47.398563;,
   -6.179310;28.965469;51.328944;,
   -6.453752;13.086990;44.329770;,
   -2.318789;15.130733;41.809910;,
   1.310491;28.535814;45.826493;,
   0.742783;20.662939;40.943606;,
   3.429280;24.418907;39.495328;,
   2.787476;29.620765;44.195126;,
   8.038150;30.572365;35.131005;,
   -19.004544;43.106291;56.976378;,
   -15.825650;45.270806;56.238547;,
   -15.810709;42.407805;55.838771;,
   -15.569984;40.021446;55.551558;,
   -23.954962;36.721405;57.380282;,
   -13.656030;36.567603;54.738982;,
   -18.205027;32.077805;54.410803;,
   -13.141712;25.369502;51.669360;,
   -8.089522;30.244723;52.186013;,
   -11.246233;21.350691;49.751450;,
   -3.853215;34.468934;53.194861;,
   -4.404305;31.546934;51.912864;,
   -5.051894;31.958790;52.271446;,
   -1.525189;34.523494;52.699075;,
   -6.179310;28.965469;51.328944;,
   -4.935717;29.723405;51.265120;,
   -1.680613;29.377971;49.554787;,
   -0.075011;34.804467;51.316570;,
   0.923187;38.178099;52.411866;,
   -0.969576;37.668925;53.024166;,
   -1.525189;34.523494;52.699075;,
   -2.641690;34.183827;55.486253;,
   -0.534623;34.384170;54.527763;,
   -3.853215;34.468934;53.194861;,
   -0.157805;55.783789;56.882797;,
   0.757808;55.700845;54.143910;,
   1.774761;55.687520;56.007808;,
   -1.460204;55.688544;54.497312;,
   -1.443026;59.048026;56.467046;,
   -1.496026;59.320666;53.702906;,
   -2.223946;58.986694;54.010368;,
   -0.606728;59.252198;55.558016;,
   -0.721135;60.945715;54.992864;,
   -1.638747;60.653024;53.217373;,
   -2.769124;61.766138;53.409622;,
   -1.473479;61.738790;55.115949;,
   12.228737;48.289888;35.094368;,
   10.263157;46.100410;37.381491;,
   10.196194;48.606544;37.751731;,
   10.044639;50.986122;38.158077;,
   15.134590;55.668314;31.328038;,
   9.460289;53.533302;39.628845;,
   10.884258;59.020774;36.783683;,
   7.590420;65.037965;42.346691;,
   5.804039;60.450042;46.243075;,
   4.720699;61.336480;47.907158;,
   5.931309;69.207021;44.215562;,
   3.552288;74.383731;45.656045;,
   1.641363;61.174131;51.593808;,
   -0.131317;77.750285;47.886544;,
   -3.596558;74.793824;50.908010;,
   -2.769124;61.766138;53.409622;,
   -6.057734;69.894778;53.023421;,
   -8.638698;65.968947;54.269562;,
   -4.740485;61.054931;53.989702;,
   -12.635947;54.800858;55.862054;,
   -15.358930;60.526221;56.063488;,
   -22.062070;57.802099;58.654906;,
   -14.398926;52.388330;56.115770;,
   -18.163638;50.033347;57.422406;,
   -15.007683;50.052368;56.267987;,
   -15.566414;47.582131;56.357427;,
   1.771434;26.544749;50.569539;,
   2.403957;27.979526;49.336755;,
   2.838977;27.839773;52.163808;,
   3.520645;30.848714;51.188294;,
   4.409580;31.514077;50.549386;,
   4.585323;32.680768;51.661357;,
   3.784614;30.738445;53.174253;,
   1.862483;27.857571;54.496282;,
   -0.489815;22.586902;51.705946;,
   -1.857723;20.958904;49.971101;,
   -1.947361;26.758078;53.301587;,
   -3.815896;26.122450;51.939670;,
   -0.649113;28.039869;54.726368;,
   -8.076437;16.518584;49.906384;,
   -9.809606;21.452907;51.823312;,
   -8.949440;15.100928;48.819683;,
   -4.948750;28.800166;52.957456;,
   -3.201916;28.301110;53.455162;,
   0.248529;30.941293;55.772070;,
   3.555236;31.650432;56.504256;,
   -4.138585;29.290448;52.933203;,
   -1.556189;31.139949;54.918035;,
   -3.418484;31.312246;53.573920;,
   1.100553;33.330176;56.263258;,
   3.636531;33.400979;56.478221;,
   -1.284817;33.017510;55.973914;,
   -2.378378;31.903469;55.536224;,
   -4.340823;31.824710;54.648320;,
   -2.641690;34.183827;55.486253;,
   2.521205;36.189014;56.592211;,
   3.773578;36.352326;56.434317;,
   -0.534623;34.384170;54.527763;,
   0.718252;37.381936;55.332230;,
   2.612724;37.928138;54.731142;,
   4.282695;36.087968;55.298112;,
   4.177638;33.153661;54.002650;,
   -1.525189;34.523494;52.699075;,
   -0.969576;37.668925;53.024166;,
   3.705566;37.210573;53.137574;,
   3.087680;34.176378;51.866605;,
   4.609535;33.767859;50.159075;,
   1.650060;34.341347;50.366349;,
   2.028949;37.496918;50.821274;,
   4.139431;31.338240;48.418224;,
   2.805080;30.955232;49.001725;,
   2.257900;28.923510;48.233968;,
   2.484482;28.373757;47.496563;,
   -0.407747;16.078667;44.272512;,
   -1.289406;14.661509;43.192170;,
   2.297813;20.758363;42.928483;,
   0.980696;25.847294;48.415811;,
   5.109284;24.342320;41.627162;,
   3.837010;29.497507;45.466096;,
   8.472740;35.204323;40.622298;,
   9.828121;30.299584;36.868013;,
   10.077549;38.466445;38.904627;,
   14.575974;34.461059;32.171514;,
   10.605145;40.820723;38.658003;,
   12.892357;41.294650;36.096003;,
   11.207165;43.667786;38.642861;,
   -4.656355;13.304078;46.759389;,
   -5.545610;12.456595;45.615136;,
   4.609535;33.767859;50.159075;,
   2.096637;31.548714;47.019712;,
   2.807586;34.086838;48.301440;,
   4.139431;31.338240;48.418224;,
   6.809791;55.384096;51.763984;,
   4.924625;58.576614;48.758605;,
   7.037250;58.561555;50.236938;,
   4.916881;55.322726;49.812323;,
   5.449516;52.738733;54.181600;,
   3.924384;55.519187;51.817555;,
   5.397075;55.479718;53.346637;,
   3.722381;52.719184;51.820426;,
   0.303565;62.382413;55.806176;,
   0.215448;64.620000;54.421030;,
   -1.473479;61.738790;55.115949;,
   -0.721135;60.945715;54.992864;,
   1.877658;63.700544;55.623526;,
   2.960807;62.231885;56.970317;,
   3.101631;68.994336;52.970851;,
   5.596488;63.487219;52.891456;,
   4.075550;67.248115;54.432883;,
   5.414508;62.055802;56.660877;,
   3.289275;59.152627;57.708230;,
   2.960807;62.231885;56.970317;,
   1.415676;58.892691;57.148038;,
   -0.606728;59.252198;55.558016;,
   0.617185;58.473632;57.549402;,
   1.534658;56.949357;57.943034;,
   -1.443026;59.048026;56.467046;,
   -0.157805;55.783789;56.882797;,
   3.629921;56.348333;57.908845;,
   6.441173;58.074477;58.369235;,
   6.825393;58.949773;55.110387;,
   6.448955;62.031789;54.407712;,
   6.138591;62.047693;51.519421;,
   6.827522;58.582240;53.172176;,
   7.404811;56.612614;53.630470;,
   6.707019;56.171821;55.648224;,
   6.191787;56.423264;58.158701;,
   5.899856;52.935210;56.775206;,
   6.809791;55.384096;51.763984;,
   7.415042;58.083674;52.555293;,
   5.939132;58.876691;50.749040;,
   5.560779;60.585357;50.377798;,
   5.959770;61.312384;49.655040;,
   5.012069;64.344851;50.897146;,
   7.037250;58.561555;50.236938;,
   1.774761;55.687520;56.007808;,
   4.701476;53.003958;57.655603;,
   5.630020;52.703750;57.684474;,
   4.149952;51.994202;55.725248;,
   5.449516;52.738733;54.181600;,
   5.397075;55.479718;53.346637;,
   2.350513;52.916512;56.458317;,
   -2.641690;34.183827;55.486253;,
   -5.051894;31.958790;52.271446;,
